0.518 0.694 0.755 0.779 0.799 0.818 0.833 0.845 0.857 0.868 0.948 0.977
0.537 0.715 0.783 0.813 0.827 0.842 0.855 0.865 0.874 0.884 0.946 0.980
0.549 0.740 0.804 0.840 0.853 0.864 0.875 0.883 0.891 0.898 0.943 0.981
0.549 0.742 0.806 0.842 0.855 0.866 0.876 0.885 0.892 0.899 0.943 0.981
0.547 0.763 0.817 0.854 0.873 0.883 0.891 0.899 0.905 0.910 0.944 0.981
0.543 0.767 0.819 0.855 0.877 0.888 0.896 0.903 0.909 0.914 0.946 0.980
0.540 0.768 0.820 0.855 0.879 0.891 0.898 0.906 0.912 0.916 0.947 0.980
0.535 0.766 0.821 0.854 0.880 0.893 0.900 0.908 0.914 0.919 0.949 0.980
0.532 0.762 0.822 0.853 0.880 0.894 0.901 0.909 0.915 0.920 0.949 0.980
0.526 0.755 0.822 0.851 0.878 0.894 0.902 0.909 0.915 0.920 0.950 0.979
0.519 0.741 0.821 0.847 0.874 0.891 0.901 0.908 0.914 0.919 0.950 0.978
0.512 0.729 0.819 0.844 0.869 0.888 0.898 0.905 0.911 0.917 0.949 0.977
0.512 0.728 0.818 0.843 0.869 0.887 0.898 0.905 0.911 0.917 0.949 0.977
0.468 0.650 0.783 0.807 0.826 0.847 0.863 0.871 0.878 0.884 0.927 0.964
0.444 0.613 0.756 0.782 0.800 0.821 0.838 0.847 0.855 0.862 0.910 0.956
0.351 0.502 0.642 0.683 0.701 0.720 0.739 0.754 0.764 0.773 0.844 0.925
0.333 0.484 0.619 0.664 0.682 0.700 0.720 0.736 0.746 0.756 0.831 0.919