0.575     0.736    0.802     0.831     0.85    0.878    0.899    0.916    0.937    0.951    0.967    0.974      1.0
0.549     0.714    0.794     0.827    0.845    0.876    0.894    0.913    0.936    0.951    0.969    0.977      1.0
0.524     0.685     0.78     0.821    0.838    0.869    0.889    0.904    0.929    0.946    0.967    0.976      1.0
0.502     0.653    0.762     0.813    0.833    0.859    0.884    0.897    0.924    0.941    0.965    0.975      1.0
0.484     0.623    0.739     0.804    0.828     0.85    0.878    0.893    0.918    0.935    0.963    0.973      1.0
0.468     0.596    0.712     0.792    0.822    0.845    0.868    0.889    0.909     0.93    0.959    0.972      1.0
0.453     0.575    0.683     0.776    0.816    0.841    0.858    0.883    0.903    0.925    0.954    0.969      1.0
0.438     0.558    0.653     0.756    0.808    0.838    0.852    0.875      0.9     0.92    0.951    0.967      1.0
0.426      0.55    0.631     0.735    0.803     0.84    0.854     0.87    0.903    0.917    0.952     0.97      1.0
 0.41     0.539    0.608     0.708    0.789    0.836     0.85    0.863      0.9    0.912    0.948    0.967      1.0
0.394     0.531     0.59     0.679     0.77    0.832    0.848    0.859    0.895    0.909    0.943    0.963      1.0