6.600000000000000311e-01 7.169999999999999707e-01 7.520000000000000018e-01 7.810000000000000275e-01 8.020000000000000462e-01 8.309999999999999609e-01 8.609999999999999876e-01 8.840000000000000080e-01 9.360000000000000542e-01 9.669999999999999707e-01 9.889999999999999902e-01 9.939999999999999947e-01
7.389999999999999902e-01 7.930000000000000382e-01 8.219999999999999529e-01 8.439999999999999725e-01 8.579999999999999849e-01 8.800000000000000044e-01 8.940000000000000169e-01 9.060000000000000275e-01 9.280000000000000471e-01 9.459999999999999520e-01 9.839999999999999858e-01 9.919999999999999929e-01
7.540000000000000036e-01 8.229999999999999538e-01 8.449999999999999734e-01 8.639999999999999902e-01 8.800000000000000044e-01 8.990000000000000213e-01 9.120000000000000329e-01 9.220000000000000417e-01 9.360000000000000542e-01 9.479999999999999538e-01 9.729999999999999760e-01 9.889999999999999902e-01
7.449999999999999956e-01 8.339999999999999636e-01 8.589999999999999858e-01 8.750000000000000000e-01 8.880000000000000115e-01 9.110000000000000320e-01 9.230000000000000426e-01 9.320000000000000506e-01 9.439999999999999503e-01 9.539999999999999591e-01 9.699999999999999734e-01 9.849999999999999867e-01
7.199999999999999734e-01 8.319999999999999618e-01 8.589999999999999858e-01 8.770000000000000018e-01 8.900000000000000133e-01 9.100000000000000311e-01 9.250000000000000444e-01 9.340000000000000524e-01 9.469999999999999529e-01 9.549999999999999600e-01 9.699999999999999734e-01 9.799999999999999822e-01
6.870000000000000551e-01 8.229999999999999538e-01 8.569999999999999840e-01 8.739999999999999991e-01 8.890000000000000124e-01 9.070000000000000284e-01 9.230000000000000426e-01 9.330000000000000515e-01 9.459999999999999520e-01 9.549999999999999600e-01 9.689999999999999725e-01 9.769999999999999796e-01
6.500000000000000222e-01 8.070000000000000506e-01 8.529999999999999805e-01 8.699999999999999956e-01 8.830000000000000071e-01 9.060000000000000275e-01 9.180000000000000382e-01 9.310000000000000497e-01 9.449999999999999512e-01 9.549999999999999600e-01 9.669999999999999707e-01 9.759999999999999787e-01
6.229999999999999982e-01 7.780000000000000249e-01 8.469999999999999751e-01 8.669999999999999929e-01 8.790000000000000036e-01 9.040000000000000258e-01 9.150000000000000355e-01 9.270000000000000462e-01 9.419999999999999485e-01 9.519999999999999574e-01 9.659999999999999698e-01 9.749999999999999778e-01
6.119999999999999885e-01 7.419999999999999929e-01 8.439999999999999725e-01 8.679999999999999938e-01 8.790000000000000036e-01 9.000000000000000222e-01 9.180000000000000382e-01 9.270000000000000462e-01 9.439999999999999503e-01 9.549999999999999600e-01 9.699999999999999734e-01 9.779999999999999805e-01
6.049999999999999822e-01 6.989999999999999547e-01 8.289999999999999591e-01 8.639999999999999902e-01 8.760000000000000009e-01 8.940000000000000169e-01 9.170000000000000373e-01 9.230000000000000426e-01 9.419999999999999485e-01 9.519999999999999574e-01 9.679999999999999716e-01 9.759999999999999787e-01
